Fase 1...
[2.67, 3.1, 7.77, 11.89, 12.27, 13.71, 14.02, 16.08, 16.92, 17.38, 19.57, 20.36, 21.46, 22.3, 22.66, 25.75, 26.89, 27.61, 28.91, 29.72, 32.12, 33.25, 39.31, 40.72, 44.14, 47.26, 50.84, 52.63, 56.74, 57.14, 65.76, 67.94, 69.77, 71.68, 72.23, 74.03, 75.44, 76.14, 76.4, 78.22, 79.04, 82.91, 86.17, 88.27, 89.09, 93.79, 94.01, 94.01, 97.83, 98.68]
[1.9, 2.33, 6.57, 10.54, 10.74, 13.08, 20.32, 22.95, 22.99, 23.32, 23.98, 24.06, 25.58, 25.84, 26.66, 33.41, 33.81, 36.04, 36.58, 37.62, 38.38, 39.6, 40.06, 40.2, 41.11, 43.27, 43.58, 47.84, 47.91, 53.61, 56.09, 58.26, 58.5, 60.07, 60.97, 61.44, 62.71, 63.1, 63.91, 64.02, 64.38, 72.8, 74.09, 77.05, 77.16, 79.07, 90.49, 91.19, 95.17, 97.38]
[1.01, 1.21, 6.9, 7.67, 14.69, 17.6, 19.24, 19.79, 22.59, 23.5, 27.84, 27.87, 28.21, 28.78, 28.97, 29.09, 30.83, 36.44, 38.71, 38.85, 40.88, 41.86, 48.08, 58.78, 59.86, 60.21, 62.06, 62.29, 64.18, 69.96, 71.27, 73.71, 74.06, 75.18, 75.79, 75.89, 77.5, 78.9, 80.0, 80.54, 81.99, 82.52, 82.63, 85.79, 87.29, 91.33, 92.41, 94.16, 98.29, 98.63]
[5.29, 5.38, 7.8, 9.43, 9.51, 10.97, 11.05, 13.81, 16.17, 22.31, 23.33, 26.75, 27.78, 29.22, 29.38, 29.52, 29.71, 31.48, 33.24, 34.75, 35.09, 36.22, 39.63, 42.21, 44.99, 46.62, 47.23, 47.62, 50.3, 50.43, 52.82, 56.17, 56.62, 57.52, 62.49, 62.77, 66.06, 66.97, 70.97, 71.62, 73.18, 73.49, 74.76, 78.0, 80.12, 80.17, 84.75, 91.57, 93.31, 97.08]
[1.01, 1.04, 2.98, 5.41, 10.51, 11.35, 14.7, 15.02, 19.13, 19.39, 20.01, 21.57, 22.19, 22.72, 23.25, 23.96, 25.71, 26.67, 26.83, 28.55, 29.39, 29.65, 33.86, 36.16, 38.36, 41.74, 42.02, 44.06, 44.4, 51.33, 51.77, 55.94, 58.28, 59.77, 59.84, 64.62, 65.44, 67.6, 68.39, 68.43, 73.25, 79.07, 84.02, 85.98, 89.7, 91.12, 91.72, 95.29, 97.21, 98.9]
[2.89, 4.39, 6.23, 6.38, 7.06, 7.12, 9.72, 10.26, 10.86, 12.34, 13.36, 19.39, 20.2, 22.39, 23.32, 24.88, 25.94, 26.8, 27.83, 28.43, 37.98, 39.69, 40.37, 42.12, 44.4, 45.82, 46.69, 51.49, 52.44, 55.71, 56.31, 56.33, 59.58, 61.05, 61.67, 61.87, 64.67, 64.85, 66.99, 74.39, 75.25, 76.08, 81.22, 82.07, 82.13, 93.08, 93.75, 95.56, 95.92, 99.87]
[1.07, 1.65, 2.32, 6.76, 9.81, 12.38, 17.96, 19.6, 20.89, 22.39, 24.59, 26.34, 26.43, 26.98, 29.37, 33.13, 35.24, 37.37, 37.99, 39.14, 41.96, 42.21, 42.37, 42.74, 45.2, 47.32, 48.81, 49.4, 49.52, 51.18, 52.94, 53.05, 56.52, 58.38, 61.86, 63.5, 66.9, 70.93, 72.3, 74.19, 79.96, 84.02, 86.69, 87.95, 88.06, 91.37, 95.46, 97.2, 98.11, 98.92]
[0.81, 2.96, 4.18, 6.29, 8.82, 10.29, 14.35, 16.99, 17.46, 19.3, 23.22, 25.43, 25.96, 27.24, 27.55, 28.03, 30.28, 30.83, 33.87, 35.24, 41.0, 41.9, 44.68, 45.62, 45.89, 48.56, 50.05, 53.97, 56.38, 58.01, 61.46, 61.51, 69.39, 69.42, 71.93, 72.38, 72.99, 75.83, 75.89, 80.22, 81.73, 81.97, 83.94, 85.28, 89.54, 91.71, 94.17, 94.94, 95.88, 97.47]
[3.95, 7.19, 9.39, 10.43, 11.1, 13.4, 13.78, 14.29, 15.99, 19.46, 19.54, 21.6, 22.62, 23.43, 23.86, 28.03, 29.5, 30.92, 37.58, 38.1, 38.8, 39.81, 40.37, 40.39, 40.7, 46.0, 46.24, 47.51, 51.34, 53.26, 58.68, 63.16, 63.49, 64.09, 64.8, 64.83, 65.32, 67.56, 69.47, 70.0, 77.34, 77.73, 83.19, 85.11, 92.68, 92.89, 95.66, 97.8, 99.17, 99.73]
[6.72, 10.86, 12.52, 13.99, 16.39, 18.59, 19.8, 21.43, 21.67, 24.31, 27.71, 27.88, 27.96, 28.39, 28.41, 32.85, 33.27, 35.56, 36.63, 38.45, 39.48, 41.68, 43.54, 45.66, 45.84, 48.0, 53.14, 53.54, 54.45, 56.75, 61.62, 63.65, 65.72, 66.35, 72.25, 76.57, 77.37, 77.49, 78.09, 78.73, 79.16, 79.53, 80.83, 81.18, 81.9, 82.03, 85.9, 88.04, 92.31, 96.67]
[0.86, 2.41, 4.02, 6.78, 13.79, 13.95, 16.35, 16.82, 17.49, 18.38, 23.05, 23.58, 24.39, 26.03, 26.41, 28.94, 31.69, 33.43, 35.08, 40.19, 40.34, 44.12, 44.85, 48.02, 52.01, 57.76, 63.23, 63.72, 65.49, 65.56, 66.22, 67.19, 68.48, 72.38, 72.61, 77.02, 82.11, 82.99, 84.36, 85.41, 87.42, 87.91, 89.37, 92.88, 93.66, 95.68, 95.97, 96.21, 97.64, 99.85]
[5.99, 7.7, 13.32, 14.76, 16.6, 18.8, 20.89, 20.99, 22.77, 25.96, 29.63, 31.9, 32.64, 32.7, 35.51, 35.81, 38.74, 44.36, 44.84, 45.02, 46.8, 54.71, 58.76, 63.33, 63.94, 64.15, 64.92, 65.96, 67.16, 67.94, 72.58, 74.42, 75.79, 76.15, 76.52, 77.28, 81.1, 82.17, 86.63, 88.54, 90.54, 92.98, 93.51, 94.71, 96.52, 96.79, 96.94, 97.27, 97.67, 97.83]
[2.47, 7.49, 12.34, 13.1, 16.59, 17.04, 17.08, 18.19, 19.56, 19.79, 20.71, 21.54, 29.19, 30.21, 30.7, 31.12, 31.94, 32.13, 37.05, 38.01, 42.33, 43.6, 46.77, 46.99, 48.87, 49.53, 54.76, 55.96, 58.84, 59.94, 62.93, 67.31, 67.84, 69.65, 71.15, 72.69, 77.17, 77.22, 77.27, 78.61, 80.09, 83.46, 87.29, 91.48, 93.05, 93.27, 93.77, 95.51, 96.06, 99.18]
[1.36, 2.54, 2.81, 3.56, 3.58, 4.64, 8.63, 10.28, 12.59, 13.43, 16.87, 17.73, 26.47, 28.34, 32.63, 36.74, 36.9, 39.72, 42.77, 45.7, 45.78, 49.76, 52.43, 52.54, 55.46, 56.06, 57.21, 59.9, 60.11, 63.22, 63.25, 63.58, 67.74, 69.0, 71.28, 71.97, 73.04, 73.24, 78.57, 78.95, 83.43, 89.04, 91.38, 91.91, 94.08, 95.27, 95.81, 97.31, 98.41, 99.45]
[8.34, 9.34, 10.38, 15.09, 15.59, 15.74, 19.18, 21.1, 25.02, 35.16, 36.43, 39.89, 43.92, 45.74, 46.79, 50.35, 53.55, 55.8, 61.05, 61.61, 61.71, 62.82, 63.69, 65.06, 65.39, 67.2, 67.35, 69.78, 71.0, 72.57, 73.14, 73.34, 73.71, 73.8, 75.09, 75.46, 76.95, 77.01, 78.86, 79.96, 81.35, 81.67, 85.29, 85.74, 88.99, 89.89, 90.57, 93.54, 94.67, 96.18]
[2.53, 3.3, 3.97, 4.14, 4.82, 10.29, 10.39, 12.8, 17.91, 18.0, 19.18, 22.47, 28.66, 29.15, 30.33, 30.34, 31.7, 34.04, 34.69, 36.13, 36.7, 37.16, 39.24, 40.08, 42.67, 45.69, 51.7, 52.41, 57.58, 57.92, 58.52, 58.94, 59.08, 62.28, 63.36, 66.21, 67.4, 68.79, 70.49, 71.6, 71.61, 74.22, 78.8, 79.51, 81.12, 83.17, 86.04, 92.88, 93.98, 99.41]
[0.49, 0.56, 1.52, 2.5, 5.55, 18.74, 19.12, 19.73, 21.98, 25.02, 30.27, 37.26, 37.4, 38.52, 39.85, 41.8, 42.69, 43.11, 44.79, 45.29, 45.37, 45.7, 45.81, 48.41, 50.41, 50.88, 53.43, 60.61, 62.18, 63.57, 64.0, 64.26, 65.1, 65.78, 68.93, 73.07, 73.16, 75.01, 77.89, 79.0, 80.58, 82.18, 85.55, 85.95, 86.34, 88.27, 88.75, 89.87, 90.18, 99.09]
[5.72, 11.28, 14.33, 14.49, 15.33, 16.32, 17.1, 17.19, 17.78, 18.08, 20.43, 21.48, 22.01, 24.83, 26.51, 29.24, 29.94, 30.94, 32.14, 33.54, 35.1, 35.28, 41.95, 43.2, 44.44, 45.98, 46.72, 51.49, 52.6, 53.81, 63.99, 64.15, 66.45, 67.65, 68.94, 69.03, 69.32, 71.15, 71.17, 71.47, 72.09, 78.82, 81.29, 83.98, 86.99, 93.83, 96.75, 97.04, 97.78, 99.76]
[2.34, 5.21, 5.23, 10.45, 10.99, 11.36, 12.91, 13.94, 14.9, 15.27, 15.82, 15.91, 23.88, 27.06, 27.58, 29.5, 30.22, 31.42, 36.26, 36.87, 37.19, 37.51, 37.68, 47.34, 47.36, 47.8, 49.38, 49.64, 52.15, 59.17, 59.4, 59.45, 59.84, 62.5, 63.43, 63.58, 65.83, 69.31, 74.48, 75.45, 76.7, 81.24, 82.45, 84.9, 86.67, 90.69, 92.23, 93.95, 95.4, 99.22]
[0.96, 1.44, 2.87, 3.41, 3.5, 7.1, 7.47, 9.64, 14.89, 18.79, 21.48, 21.78, 21.84, 26.04, 28.87, 29.08, 37.48, 38.04, 39.8, 41.11, 42.37, 44.84, 45.41, 50.59, 51.14, 53.31, 55.29, 59.15, 60.74, 61.38, 61.38, 61.49, 71.15, 71.91, 73.61, 73.82, 76.17, 77.95, 79.09, 79.95, 80.61, 82.97, 84.83, 85.42, 85.89, 86.49, 90.41, 96.07, 98.54, 99.32]
Fase 2...
Mezcla...
[1.9, 2.33, 2.67, 3.1, 6.57, 7.77, 10.54, 10.74, 11.89, 12.27, 13.08, 13.71, 14.02, 16.08, 16.92, 17.38, 19.57, 20.32, 20.36, 21.46, 22.3, 22.66, 22.95, 22.99, 23.32, 23.98, 24.06, 25.58, 25.75, 25.84, 26.66, 26.89, 27.61, 28.91, 29.72, 32.12, 33.25, 33.41, 33.81, 36.04, 36.58, 37.62, 38.38, 39.31, 39.6, 40.06, 40.2, 40.72, 41.11, 43.27, 43.58, 44.14, 47.26, 47.84, 47.91, 50.84, 52.63, 53.61, 56.09, 56.74, 57.14, 58.26, 58.5, 60.07, 60.97, 61.44, 62.71, 63.1, 63.91, 64.02, 64.38, 65.76, 67.94, 69.77, 71.68, 72.23, 72.8, 74.03, 74.09, 75.44, 76.14, 76.4, 77.05, 77.16, 78.22, 79.04, 79.07, 82.91, 86.17, 88.27, 89.09, 90.49, 91.19, 93.79, 94.01, 94.01, 95.17, 97.38, 97.83, 98.68]
[1.01, 1.21, 5.29, 5.38, 6.9, 7.67, 7.8, 9.43, 9.51, 10.97, 11.05, 13.81, 14.69, 16.17, 17.6, 19.24, 19.79, 22.31, 22.59, 23.33, 23.5, 26.75, 27.78, 27.84, 27.87, 28.21, 28.78, 28.97, 29.09, 29.22, 29.38, 29.52, 29.71, 30.83, 31.48, 33.24, 34.75, 35.09, 36.22, 36.44, 38.71, 38.85, 39.63, 40.88, 41.86, 42.21, 44.99, 46.62, 47.23, 47.62, 48.08, 50.3, 50.43, 52.82, 56.17, 56.62, 57.52, 58.78, 59.86, 60.21, 62.06, 62.29, 62.49, 62.77, 64.18, 66.06, 66.97, 69.96, 70.97, 71.27, 71.62, 73.18, 73.49, 73.71, 74.06, 74.76, 75.18, 75.79, 75.89, 77.5, 78.0, 78.9, 80.0, 80.12, 80.17, 80.54, 81.99, 82.52, 82.63, 84.75, 85.79, 87.29, 91.33, 91.57, 92.41, 93.31, 94.16, 97.08, 98.29, 98.63]
[1.01, 1.04, 2.89, 2.98, 4.39, 5.41, 6.23, 6.38, 7.06, 7.12, 9.72, 10.26, 10.51, 10.86, 11.35, 12.34, 13.36, 14.7, 15.02, 19.13, 19.39, 19.39, 20.01, 20.2, 21.57, 22.19, 22.39, 22.72, 23.25, 23.32, 23.96, 24.88, 25.71, 25.94, 26.67, 26.8, 26.83, 27.83, 28.43, 28.55, 29.39, 29.65, 33.86, 36.16, 37.98, 38.36, 39.69, 40.37, 41.74, 42.02, 42.12, 44.06, 44.4, 44.4, 45.82, 46.69, 51.33, 51.49, 51.77, 52.44, 55.71, 55.94, 56.31, 56.33, 58.28, 59.58, 59.77, 59.84, 61.05, 61.67, 61.87, 64.62, 64.67, 64.85, 65.44, 66.99, 67.6, 68.39, 68.43, 73.25, 74.39, 75.25, 76.08, 79.07, 81.22, 82.07, 82.13, 84.02, 85.98, 89.7, 91.12, 91.72, 93.08, 93.75, 95.29, 95.56, 95.92, 97.21, 98.9, 99.87]
[0.81, 1.07, 1.65, 2.32, 2.96, 4.18, 6.29, 6.76, 8.82, 9.81, 10.29, 12.38, 14.35, 16.99, 17.46, 17.96, 19.3, 19.6, 20.89, 22.39, 23.22, 24.59, 25.43, 25.96, 26.34, 26.43, 26.98, 27.24, 27.55, 28.03, 29.37, 30.28, 30.83, 33.13, 33.87, 35.24, 35.24, 37.37, 37.99, 39.14, 41.0, 41.9, 41.96, 42.21, 42.37, 42.74, 44.68, 45.2, 45.62, 45.89, 47.32, 48.56, 48.81, 49.4, 49.52, 50.05, 51.18, 52.94, 53.05, 53.97, 56.38, 56.52, 58.01, 58.38, 61.46, 61.51, 61.86, 63.5, 66.9, 69.39, 69.42, 70.93, 71.93, 72.3, 72.38, 72.99, 74.19, 75.83, 75.89, 79.96, 80.22, 81.73, 81.97, 83.94, 84.02, 85.28, 86.69, 87.95, 88.06, 89.54, 91.37, 91.71, 94.17, 94.94, 95.46, 95.88, 97.2, 97.47, 98.11, 98.92]
[3.95, 6.72, 7.19, 9.39, 10.43, 10.86, 11.1, 12.52, 13.4, 13.78, 13.99, 14.29, 15.99, 16.39, 18.59, 19.46, 19.54, 19.8, 21.43, 21.6, 21.67, 22.62, 23.43, 23.86, 24.31, 27.71, 27.88, 27.96, 28.03, 28.39, 28.41, 29.5, 30.92, 32.85, 33.27, 35.56, 36.63, 37.58, 38.1, 38.45, 38.8, 39.48, 39.81, 40.37, 40.39, 40.7, 41.68, 43.54, 45.66, 45.84, 46.0, 46.24, 47.51, 48.0, 51.34, 53.14, 53.26, 53.54, 54.45, 56.75, 58.68, 61.62, 63.16, 63.49, 63.65, 64.09, 64.8, 64.83, 65.32, 65.72, 66.35, 67.56, 69.47, 70.0, 72.25, 76.57, 77.34, 77.37, 77.49, 77.73, 78.09, 78.73, 79.16, 79.53, 80.83, 81.18, 81.9, 82.03, 83.19, 85.11, 85.9, 88.04, 92.31, 92.68, 92.89, 95.66, 96.67, 97.8, 99.17, 99.73]
[0.86, 2.41, 4.02, 5.99, 6.78, 7.7, 13.32, 13.79, 13.95, 14.76, 16.35, 16.6, 16.82, 17.49, 18.38, 18.8, 20.89, 20.99, 22.77, 23.05, 23.58, 24.39, 25.96, 26.03, 26.41, 28.94, 29.63, 31.69, 31.9, 32.64, 32.7, 33.43, 35.08, 35.51, 35.81, 38.74, 40.19, 40.34, 44.12, 44.36, 44.84, 44.85, 45.02, 46.8, 48.02, 52.01, 54.71, 57.76, 58.76, 63.23, 63.33, 63.72, 63.94, 64.15, 64.92, 65.49, 65.56, 65.96, 66.22, 67.16, 67.19, 67.94, 68.48, 72.38, 72.58, 72.61, 74.42, 75.79, 76.15, 76.52, 77.02, 77.28, 81.1, 82.11, 82.17, 82.99, 84.36, 85.41, 86.63, 87.42, 87.91, 88.54, 89.37, 90.54, 92.88, 92.98, 93.51, 93.66, 94.71, 95.68, 95.97, 96.21, 96.52, 96.79, 96.94, 97.27, 97.64, 97.67, 97.83, 99.85]
[1.36, 2.47, 2.54, 2.81, 3.56, 3.58, 4.64, 7.49, 8.63, 10.28, 12.34, 12.59, 13.1, 13.43, 16.59, 16.87, 17.04, 17.08, 17.73, 18.19, 19.56, 19.79, 20.71, 21.54, 26.47, 28.34, 29.19, 30.21, 30.7, 31.12, 31.94, 32.13, 32.63, 36.74, 36.9, 37.05, 38.01, 39.72, 42.33, 42.77, 43.6, 45.7, 45.78, 46.77, 46.99, 48.87, 49.53, 49.76, 52.43, 52.54, 54.76, 55.46, 55.96, 56.06, 57.21, 58.84, 59.9, 59.94, 60.11, 62.93, 63.22, 63.25, 63.58, 67.31, 67.74, 67.84, 69.0, 69.65, 71.15, 71.28, 71.97, 72.69, 73.04, 73.24, 77.17, 77.22, 77.27, 78.57, 78.61, 78.95, 80.09, 83.43, 83.46, 87.29, 89.04, 91.38, 91.48, 91.91, 93.05, 93.27, 93.77, 94.08, 95.27, 95.51, 95.81, 96.06, 97.31, 98.41, 99.18, 99.45]
[2.53, 3.3, 3.97, 4.14, 4.82, 8.34, 9.34, 10.29, 10.38, 10.39, 12.8, 15.09, 15.59, 15.74, 17.91, 18.0, 19.18, 19.18, 21.1, 22.47, 25.02, 28.66, 29.15, 30.33, 30.34, 31.7, 34.04, 34.69, 35.16, 36.13, 36.43, 36.7, 37.16, 39.24, 39.89, 40.08, 42.67, 43.92, 45.69, 45.74, 46.79, 50.35, 51.7, 52.41, 53.55, 55.8, 57.58, 57.92, 58.52, 58.94, 59.08, 61.05, 61.61, 61.71, 62.28, 62.82, 63.36, 63.69, 65.06, 65.39, 66.21, 67.2, 67.35, 67.4, 68.79, 69.78, 70.49, 71.0, 71.6, 71.61, 72.57, 73.14, 73.34, 73.71, 73.8, 74.22, 75.09, 75.46, 76.95, 77.01, 78.8, 78.86, 79.51, 79.96, 81.12, 81.35, 81.67, 83.17, 85.29, 85.74, 86.04, 88.99, 89.89, 90.57, 92.88, 93.54, 93.98, 94.67, 96.18, 99.41]
[0.49, 0.56, 1.52, 2.5, 5.55, 5.72, 11.28, 14.33, 14.49, 15.33, 16.32, 17.1, 17.19, 17.78, 18.08, 18.74, 19.12, 19.73, 20.43, 21.48, 21.98, 22.01, 24.83, 25.02, 26.51, 29.24, 29.94, 30.27, 30.94, 32.14, 33.54, 35.1, 35.28, 37.26, 37.4, 38.52, 39.85, 41.8, 41.95, 42.69, 43.11, 43.2, 44.44, 44.79, 45.29, 45.37, 45.7, 45.81, 45.98, 46.72, 48.41, 50.41, 50.88, 51.49, 52.6, 53.43, 53.81, 60.61, 62.18, 63.57, 63.99, 64.0, 64.15, 64.26, 65.1, 65.78, 66.45, 67.65, 68.93, 68.94, 69.03, 69.32, 71.15, 71.17, 71.47, 72.09, 73.07, 73.16, 75.01, 77.89, 78.82, 79.0, 80.58, 81.29, 82.18, 83.98, 85.55, 85.95, 86.34, 86.99, 88.27, 88.75, 89.87, 90.18, 93.83, 96.75, 97.04, 97.78, 99.09, 99.76]
[0.96, 1.44, 2.34, 2.87, 3.41, 3.5, 5.21, 5.23, 7.1, 7.47, 9.64, 10.45, 10.99, 11.36, 12.91, 13.94, 14.89, 14.9, 15.27, 15.82, 15.91, 18.79, 21.48, 21.78, 21.84, 23.88, 26.04, 27.06, 27.58, 28.87, 29.08, 29.5, 30.22, 31.42, 36.26, 36.87, 37.19, 37.48, 37.51, 37.68, 38.04, 39.8, 41.11, 42.37, 44.84, 45.41, 47.34, 47.36, 47.8, 49.38, 49.64, 50.59, 51.14, 52.15, 53.31, 55.29, 59.15, 59.17, 59.4, 59.45, 59.84, 60.74, 61.38, 61.38, 61.49, 62.5, 63.43, 63.58, 65.83, 69.31, 71.15, 71.91, 73.61, 73.82, 74.48, 75.45, 76.17, 76.7, 77.95, 79.09, 79.95, 80.61, 81.24, 82.45, 82.97, 84.83, 84.9, 85.42, 85.89, 86.49, 86.67, 90.41, 90.69, 92.23, 93.95, 95.4, 96.07, 98.54, 99.22, 99.32]
Fase 2...
Mezcla...
[1.01, 1.21, 1.9, 2.33, 2.67, 3.1, 5.29, 5.38, 6.57, 6.9, 7.67, 7.77, 7.8, 9.43, 9.51, 10.54, 10.74, 10.97, 11.05, 11.89, 12.27, 13.08, 13.71, 13.81, 14.02, 14.69, 16.08, 16.17, 16.92, 17.38, 17.6, 19.24, 19.57, 19.79, 20.32, 20.36, 21.46, 22.3, 22.31, 22.59, 22.66, 22.95, 22.99, 23.32, 23.33, 23.5, 23.98, 24.06, 25.58, 25.75, 25.84, 26.66, 26.75, 26.89, 27.61, 27.78, 27.84, 27.87, 28.21, 28.78, 28.91, 28.97, 29.09, 29.22, 29.38, 29.52, 29.71, 29.72, 30.83, 31.48, 32.12, 33.24, 33.25, 33.41, 33.81, 34.75, 35.09, 36.04, 36.22, 36.44, 36.58, 37.62, 38.38, 38.71, 38.85, 39.31, 39.6, 39.63, 40.06, 40.2, 40.72, 40.88, 41.11, 41.86, 42.21, 43.27, 43.58, 44.14, 44.99, 46.62, 47.23, 47.26, 47.62, 47.84, 47.91, 48.08, 50.3, 50.43, 50.84, 52.63, 52.82, 53.61, 56.09, 56.17, 56.62, 56.74, 57.14, 57.52, 58.26, 58.5, 58.78, 59.86, 60.07, 60.21, 60.97, 61.44, 62.06, 62.29, 62.49, 62.71, 62.77, 63.1, 63.91, 64.02, 64.18, 64.38, 65.76, 66.06, 66.97, 67.94, 69.77, 69.96, 70.97, 71.27, 71.62, 71.68, 72.23, 72.8, 73.18, 73.49, 73.71, 74.03, 74.06, 74.09, 74.76, 75.18, 75.44, 75.79, 75.89, 76.14, 76.4, 77.05, 77.16, 77.5, 78.0, 78.22, 78.9, 79.04, 79.07, 80.0, 80.12, 80.17, 80.54, 81.99, 82.52, 82.63, 82.91, 84.75, 85.79, 86.17, 87.29, 88.27, 89.09, 90.49, 91.19, 91.33, 91.57, 92.41, 93.31, 93.79, 94.01, 94.01, 94.16, 95.17, 97.08, 97.38, 97.83, 98.29, 98.63, 98.68]
[0.81, 1.01, 1.04, 1.07, 1.65, 2.32, 2.89, 2.96, 2.98, 4.18, 4.39, 5.41, 6.23, 6.29, 6.38, 6.76, 7.06, 7.12, 8.82, 9.72, 9.81, 10.26, 10.29, 10.51, 10.86, 11.35, 12.34, 12.38, 13.36, 14.35, 14.7, 15.02, 16.99, 17.46, 17.96, 19.13, 19.3, 19.39, 19.39, 19.6, 20.01, 20.2, 20.89, 21.57, 22.19, 22.39, 22.39, 22.72, 23.22, 23.25, 23.32, 23.96, 24.59, 24.88, 25.43, 25.71, 25.94, 25.96, 26.34, 26.43, 26.67, 26.8, 26.83, 26.98, 27.24, 27.55, 27.83, 28.03, 28.43, 28.55, 29.37, 29.39, 29.65, 30.28, 30.83, 33.13, 33.86, 33.87, 35.24, 35.24, 36.16, 37.37, 37.98, 37.99, 38.36, 39.14, 39.69, 40.37, 41.0, 41.74, 41.9, 41.96, 42.02, 42.12, 42.21, 42.37, 42.74, 44.06, 44.4, 44.4, 44.68, 45.2, 45.62, 45.82, 45.89, 46.69, 47.32, 48.56, 48.81, 49.4, 49.52, 50.05, 51.18, 51.33, 51.49, 51.77, 52.44, 52.94, 53.05, 53.97, 55.71, 55.94, 56.31, 56.33, 56.38, 56.52, 58.01, 58.28, 58.38, 59.58, 59.77, 59.84, 61.05, 61.46, 61.51, 61.67, 61.86, 61.87, 63.5, 64.62, 64.67, 64.85, 65.44, 66.9, 66.99, 67.6, 68.39, 68.43, 69.39, 69.42, 70.93, 71.93, 72.3, 72.38, 72.99, 73.25, 74.19, 74.39, 75.25, 75.83, 75.89, 76.08, 79.07, 79.96, 80.22, 81.22, 81.73, 81.97, 82.07, 82.13, 83.94, 84.02, 84.02, 85.28, 85.98, 86.69, 87.95, 88.06, 89.54, 89.7, 91.12, 91.37, 91.71, 91.72, 93.08, 93.75, 94.17, 94.94, 95.29, 95.46, 95.56, 95.88, 95.92, 97.2, 97.21, 97.47, 98.11, 98.9, 98.92, 99.87]
[0.86, 2.41, 3.95, 4.02, 5.99, 6.72, 6.78, 7.19, 7.7, 9.39, 10.43, 10.86, 11.1, 12.52, 13.32, 13.4, 13.78, 13.79, 13.95, 13.99, 14.29, 14.76, 15.99, 16.35, 16.39, 16.6, 16.82, 17.49, 18.38, 18.59, 18.8, 19.46, 19.54, 19.8, 20.89, 20.99, 21.43, 21.6, 21.67, 22.62, 22.77, 23.05, 23.43, 23.58, 23.86, 24.31, 24.39, 25.96, 26.03, 26.41, 27.71, 27.88, 27.96, 28.03, 28.39, 28.41, 28.94, 29.5, 29.63, 30.92, 31.69, 31.9, 32.64, 32.7, 32.85, 33.27, 33.43, 35.08, 35.51, 35.56, 35.81, 36.63, 37.58, 38.1, 38.45, 38.74, 38.8, 39.48, 39.81, 40.19, 40.34, 40.37, 40.39, 40.7, 41.68, 43.54, 44.12, 44.36, 44.84, 44.85, 45.02, 45.66, 45.84, 46.0, 46.24, 46.8, 47.51, 48.0, 48.02, 51.34, 52.01, 53.14, 53.26, 53.54, 54.45, 54.71, 56.75, 57.76, 58.68, 58.76, 61.62, 63.16, 63.23, 63.33, 63.49, 63.65, 63.72, 63.94, 64.09, 64.15, 64.8, 64.83, 64.92, 65.32, 65.49, 65.56, 65.72, 65.96, 66.22, 66.35, 67.16, 67.19, 67.56, 67.94, 68.48, 69.47, 70.0, 72.25, 72.38, 72.58, 72.61, 74.42, 75.79, 76.15, 76.52, 76.57, 77.02, 77.28, 77.34, 77.37, 77.49, 77.73, 78.09, 78.73, 79.16, 79.53, 80.83, 81.1, 81.18, 81.9, 82.03, 82.11, 82.17, 82.99, 83.19, 84.36, 85.11, 85.41, 85.9, 86.63, 87.42, 87.91, 88.04, 88.54, 89.37, 90.54, 92.31, 92.68, 92.88, 92.89, 92.98, 93.51, 93.66, 94.71, 95.66, 95.68, 95.97, 96.21, 96.52, 96.67, 96.79, 96.94, 97.27, 97.64, 97.67, 97.8, 97.83, 99.17, 99.73, 99.85]
[1.36, 2.47, 2.53, 2.54, 2.81, 3.3, 3.56, 3.58, 3.97, 4.14, 4.64, 4.82, 7.49, 8.34, 8.63, 9.34, 10.28, 10.29, 10.38, 10.39, 12.34, 12.59, 12.8, 13.1, 13.43, 15.09, 15.59, 15.74, 16.59, 16.87, 17.04, 17.08, 17.73, 17.91, 18.0, 18.19, 19.18, 19.18, 19.56, 19.79, 20.71, 21.1, 21.54, 22.47, 25.02, 26.47, 28.34, 28.66, 29.15, 29.19, 30.21, 30.33, 30.34, 30.7, 31.12, 31.7, 31.94, 32.13, 32.63, 34.04, 34.69, 35.16, 36.13, 36.43, 36.7, 36.74, 36.9, 37.05, 37.16, 38.01, 39.24, 39.72, 39.89, 40.08, 42.33, 42.67, 42.77, 43.6, 43.92, 45.69, 45.7, 45.74, 45.78, 46.77, 46.79, 46.99, 48.87, 49.53, 49.76, 50.35, 51.7, 52.41, 52.43, 52.54, 53.55, 54.76, 55.46, 55.8, 55.96, 56.06, 57.21, 57.58, 57.92, 58.52, 58.84, 58.94, 59.08, 59.9, 59.94, 60.11, 61.05, 61.61, 61.71, 62.28, 62.82, 62.93, 63.22, 63.25, 63.36, 63.58, 63.69, 65.06, 65.39, 66.21, 67.2, 67.31, 67.35, 67.4, 67.74, 67.84, 68.79, 69.0, 69.65, 69.78, 70.49, 71.0, 71.15, 71.28, 71.6, 71.61, 71.97, 72.57, 72.69, 73.04, 73.14, 73.24, 73.34, 73.71, 73.8, 74.22, 75.09, 75.46, 76.95, 77.01, 77.17, 77.22, 77.27, 78.57, 78.61, 78.8, 78.86, 78.95, 79.51, 79.96, 80.09, 81.12, 81.35, 81.67, 83.17, 83.43, 83.46, 85.29, 85.74, 86.04, 87.29, 88.99, 89.04, 89.89, 90.57, 91.38, 91.48, 91.91, 92.88, 93.05, 93.27, 93.54, 93.77, 93.98, 94.08, 94.67, 95.27, 95.51, 95.81, 96.06, 96.18, 97.31, 98.41, 99.18, 99.41, 99.45]
[0.49, 0.56, 0.96, 1.44, 1.52, 2.34, 2.5, 2.87, 3.41, 3.5, 5.21, 5.23, 5.55, 5.72, 7.1, 7.47, 9.64, 10.45, 10.99, 11.28, 11.36, 12.91, 13.94, 14.33, 14.49, 14.89, 14.9, 15.27, 15.33, 15.82, 15.91, 16.32, 17.1, 17.19, 17.78, 18.08, 18.74, 18.79, 19.12, 19.73, 20.43, 21.48, 21.48, 21.78, 21.84, 21.98, 22.01, 23.88, 24.83, 25.02, 26.04, 26.51, 27.06, 27.58, 28.87, 29.08, 29.24, 29.5, 29.94, 30.22, 30.27, 30.94, 31.42, 32.14, 33.54, 35.1, 35.28, 36.26, 36.87, 37.19, 37.26, 37.4, 37.48, 37.51, 37.68, 38.04, 38.52, 39.8, 39.85, 41.11, 41.8, 41.95, 42.37, 42.69, 43.11, 43.2, 44.44, 44.79, 44.84, 45.29, 45.37, 45.41, 45.7, 45.81, 45.98, 46.72, 47.34, 47.36, 47.8, 48.41, 49.38, 49.64, 50.41, 50.59, 50.88, 51.14, 51.49, 52.15, 52.6, 53.31, 53.43, 53.81, 55.29, 59.15, 59.17, 59.4, 59.45, 59.84, 60.61, 60.74, 61.38, 61.38, 61.49, 62.18, 62.5, 63.43, 63.57, 63.58, 63.99, 64.0, 64.15, 64.26, 65.1, 65.78, 65.83, 66.45, 67.65, 68.93, 68.94, 69.03, 69.31, 69.32, 71.15, 71.15, 71.17, 71.47, 71.91, 72.09, 73.07, 73.16, 73.61, 73.82, 74.48, 75.01, 75.45, 76.17, 76.7, 77.89, 77.95, 78.82, 79.0, 79.09, 79.95, 80.58, 80.61, 81.24, 81.29, 82.18, 82.45, 82.97, 83.98, 84.83, 84.9, 85.42, 85.55, 85.89, 85.95, 86.34, 86.49, 86.67, 86.99, 88.27, 88.75, 89.87, 90.18, 90.41, 90.69, 92.23, 93.83, 93.95, 95.4, 96.07, 96.75, 97.04, 97.78, 98.54, 99.09, 99.22, 99.32, 99.76]
Fase 2...
Mezcla...
[0.81, 1.01, 1.01, 1.04, 1.07, 1.21, 1.65, 1.9, 2.32, 2.33, 2.67, 2.89, 2.96, 2.98, 3.1, 4.18, 4.39, 5.29, 5.38, 5.41, 6.23, 6.29, 6.38, 6.57, 6.76, 6.9, 7.06, 7.12, 7.67, 7.77, 7.8, 8.82, 9.43, 9.51, 9.72, 9.81, 10.26, 10.29, 10.51, 10.54, 10.74, 10.86, 10.97, 11.05, 11.35, 11.89, 12.27, 12.34, 12.38, 13.08, 13.36, 13.71, 13.81, 14.02, 14.35, 14.69, 14.7, 15.02, 16.08, 16.17, 16.92, 16.99, 17.38, 17.46, 17.6, 17.96, 19.13, 19.24, 19.3, 19.39, 19.39, 19.57, 19.6, 19.79, 20.01, 20.2, 20.32, 20.36, 20.89, 21.46, 21.57, 22.19, 22.3, 22.31, 22.39, 22.39, 22.59, 22.66, 22.72, 22.95, 22.99, 23.22, 23.25, 23.32, 23.32, 23.33, 23.5, 23.96, 23.98, 24.06, 24.59, 24.88, 25.43, 25.58, 25.71, 25.75, 25.84, 25.94, 25.96, 26.34, 26.43, 26.66, 26.67, 26.75, 26.8, 26.83, 26.89, 26.98, 27.24, 27.55, 27.61, 27.78, 27.83, 27.84, 27.87, 28.03, 28.21, 28.43, 28.55, 28.78, 28.91, 28.97, 29.09, 29.22, 29.37, 29.38, 29.39, 29.52, 29.65, 29.71, 29.72, 30.28, 30.83, 30.83, 31.48, 32.12, 33.13, 33.24, 33.25, 33.41, 33.81, 33.86, 33.87, 34.75, 35.09, 35.24, 35.24, 36.04, 36.16, 36.22, 36.44, 36.58, 37.37, 37.62, 37.98, 37.99, 38.36, 38.38, 38.71, 38.85, 39.14, 39.31, 39.6, 39.63, 39.69, 40.06, 40.2, 40.37, 40.72, 40.88, 41.0, 41.11, 41.74, 41.86, 41.9, 41.96, 42.02, 42.12, 42.21, 42.21, 42.37, 42.74, 43.27, 43.58, 44.06, 44.14, 44.4, 44.4, 44.68, 44.99, 45.2, 45.62, 45.82, 45.89, 46.62, 46.69, 47.23, 47.26, 47.32, 47.62, 47.84, 47.91, 48.08, 48.56, 48.81, 49.4, 49.52, 50.05, 50.3, 50.43, 50.84, 51.18, 51.33, 51.49, 51.77, 52.44, 52.63, 52.82, 52.94, 53.05, 53.61, 53.97, 55.71, 55.94, 56.09, 56.17, 56.31, 56.33, 56.38, 56.52, 56.62, 56.74, 57.14, 57.52, 58.01, 58.26, 58.28, 58.38, 58.5, 58.78, 59.58, 59.77, 59.84, 59.86, 60.07, 60.21, 60.97, 61.05, 61.44, 61.46, 61.51, 61.67, 61.86, 61.87, 62.06, 62.29, 62.49, 62.71, 62.77, 63.1, 63.5, 63.91, 64.02, 64.18, 64.38, 64.62, 64.67, 64.85, 65.44, 65.76, 66.06, 66.9, 66.97, 66.99, 67.6, 67.94, 68.39, 68.43, 69.39, 69.42, 69.77, 69.96, 70.93, 70.97, 71.27, 71.62, 71.68, 71.93, 72.23, 72.3, 72.38, 72.8, 72.99, 73.18, 73.25, 73.49, 73.71, 74.03, 74.06, 74.09, 74.19, 74.39, 74.76, 75.18, 75.25, 75.44, 75.79, 75.83, 75.89, 75.89, 76.08, 76.14, 76.4, 77.05, 77.16, 77.5, 78.0, 78.22, 78.9, 79.04, 79.07, 79.07, 79.96, 80.0, 80.12, 80.17, 80.22, 80.54, 81.22, 81.73, 81.97, 81.99, 82.07, 82.13, 82.52, 82.63, 82.91, 83.94, 84.02, 84.02, 84.75, 85.28, 85.79, 85.98, 86.17, 86.69, 87.29, 87.95, 88.06, 88.27, 89.09, 89.54, 89.7, 90.49, 91.12, 91.19, 91.33, 91.37, 91.57, 91.71, 91.72, 92.41, 93.08, 93.31, 93.75, 93.79, 94.01, 94.01, 94.16, 94.17, 94.94, 95.17, 95.29, 95.46, 95.56, 95.88, 95.92, 97.08, 97.2, 97.21, 97.38, 97.47, 97.83, 98.11, 98.29, 98.63, 98.68, 98.9, 98.92, 99.87]
[0.86, 1.36, 2.41, 2.47, 2.53, 2.54, 2.81, 3.3, 3.56, 3.58, 3.95, 3.97, 4.02, 4.14, 4.64, 4.82, 5.99, 6.72, 6.78, 7.19, 7.49, 7.7, 8.34, 8.63, 9.34, 9.39, 10.28, 10.29, 10.38, 10.39, 10.43, 10.86, 11.1, 12.34, 12.52, 12.59, 12.8, 13.1, 13.32, 13.4, 13.43, 13.78, 13.79, 13.95, 13.99, 14.29, 14.76, 15.09, 15.59, 15.74, 15.99, 16.35, 16.39, 16.59, 16.6, 16.82, 16.87, 17.04, 17.08, 17.49, 17.73, 17.91, 18.0, 18.19, 18.38, 18.59, 18.8, 19.18, 19.18, 19.46, 19.54, 19.56, 19.79, 19.8, 20.71, 20.89, 20.99, 21.1, 21.43, 21.54, 21.6, 21.67, 22.47, 22.62, 22.77, 23.05, 23.43, 23.58, 23.86, 24.31, 24.39, 25.02, 25.96, 26.03, 26.41, 26.47, 27.71, 27.88, 27.96, 28.03, 28.34, 28.39, 28.41, 28.66, 28.94, 29.15, 29.19, 29.5, 29.63, 30.21, 30.33, 30.34, 30.7, 30.92, 31.12, 31.69, 31.7, 31.9, 31.94, 32.13, 32.63, 32.64, 32.7, 32.85, 33.27, 33.43, 34.04, 34.69, 35.08, 35.16, 35.51, 35.56, 35.81, 36.13, 36.43, 36.63, 36.7, 36.74, 36.9, 37.05, 37.16, 37.58, 38.01, 38.1, 38.45, 38.74, 38.8, 39.24, 39.48, 39.72, 39.81, 39.89, 40.08, 40.19, 40.34, 40.37, 40.39, 40.7, 41.68, 42.33, 42.67, 42.77, 43.54, 43.6, 43.92, 44.12, 44.36, 44.84, 44.85, 45.02, 45.66, 45.69, 45.7, 45.74, 45.78, 45.84, 46.0, 46.24, 46.77, 46.79, 46.8, 46.99, 47.51, 48.0, 48.02, 48.87, 49.53, 49.76, 50.35, 51.34, 51.7, 52.01, 52.41, 52.43, 52.54, 53.14, 53.26, 53.54, 53.55, 54.45, 54.71, 54.76, 55.46, 55.8, 55.96, 56.06, 56.75, 57.21, 57.58, 57.76, 57.92, 58.52, 58.68, 58.76, 58.84, 58.94, 59.08, 59.9, 59.94, 60.11, 61.05, 61.61, 61.62, 61.71, 62.28, 62.82, 62.93, 63.16, 63.22, 63.23, 63.25, 63.33, 63.36, 63.49, 63.58, 63.65, 63.69, 63.72, 63.94, 64.09, 64.15, 64.8, 64.83, 64.92, 65.06, 65.32, 65.39, 65.49, 65.56, 65.72, 65.96, 66.21, 66.22, 66.35, 67.16, 67.19, 67.2, 67.31, 67.35, 67.4, 67.56, 67.74, 67.84, 67.94, 68.48, 68.79, 69.0, 69.47, 69.65, 69.78, 70.0, 70.49, 71.0, 71.15, 71.28, 71.6, 71.61, 71.97, 72.25, 72.38, 72.57, 72.58, 72.61, 72.69, 73.04, 73.14, 73.24, 73.34, 73.71, 73.8, 74.22, 74.42, 75.09, 75.46, 75.79, 76.15, 76.52, 76.57, 76.95, 77.01, 77.02, 77.17, 77.22, 77.27, 77.28, 77.34, 77.37, 77.49, 77.73, 78.09, 78.57, 78.61, 78.73, 78.8, 78.86, 78.95, 79.16, 79.51, 79.53, 79.96, 80.09, 80.83, 81.1, 81.12, 81.18, 81.35, 81.67, 81.9, 82.03, 82.11, 82.17, 82.99, 83.17, 83.19, 83.43, 83.46, 84.36, 85.11, 85.29, 85.41, 85.74, 85.9, 86.04, 86.63, 87.29, 87.42, 87.91, 88.04, 88.54, 88.99, 89.04, 89.37, 89.89, 90.54, 90.57, 91.38, 91.48, 91.91, 92.31, 92.68, 92.88, 92.88, 92.89, 92.98, 93.05, 93.27, 93.51, 93.54, 93.66, 93.77, 93.98, 94.08, 94.67, 94.71, 95.27, 95.51, 95.66, 95.68, 95.81, 95.97, 96.06, 96.18, 96.21, 96.52, 96.67, 96.79, 96.94, 97.27, 97.31, 97.64, 97.67, 97.8, 97.83, 98.41, 99.17, 99.18, 99.41, 99.45, 99.73, 99.85]
[0.49, 0.56, 0.96, 1.44, 1.52, 2.34, 2.5, 2.87, 3.41, 3.5, 5.21, 5.23, 5.55, 5.72, 7.1, 7.47, 9.64, 10.45, 10.99, 11.28, 11.36, 12.91, 13.94, 14.33, 14.49, 14.89, 14.9, 15.27, 15.33, 15.82, 15.91, 16.32, 17.1, 17.19, 17.78, 18.08, 18.74, 18.79, 19.12, 19.73, 20.43, 21.48, 21.48, 21.78, 21.84, 21.98, 22.01, 23.88, 24.83, 25.02, 26.04, 26.51, 27.06, 27.58, 28.87, 29.08, 29.24, 29.5, 29.94, 30.22, 30.27, 30.94, 31.42, 32.14, 33.54, 35.1, 35.28, 36.26, 36.87, 37.19, 37.26, 37.4, 37.48, 37.51, 37.68, 38.04, 38.52, 39.8, 39.85, 41.11, 41.8, 41.95, 42.37, 42.69, 43.11, 43.2, 44.44, 44.79, 44.84, 45.29, 45.37, 45.41, 45.7, 45.81, 45.98, 46.72, 47.34, 47.36, 47.8, 48.41, 49.38, 49.64, 50.41, 50.59, 50.88, 51.14, 51.49, 52.15, 52.6, 53.31, 53.43, 53.81, 55.29, 59.15, 59.17, 59.4, 59.45, 59.84, 60.61, 60.74, 61.38, 61.38, 61.49, 62.18, 62.5, 63.43, 63.57, 63.58, 63.99, 64.0, 64.15, 64.26, 65.1, 65.78, 65.83, 66.45, 67.65, 68.93, 68.94, 69.03, 69.31, 69.32, 71.15, 71.15, 71.17, 71.47, 71.91, 72.09, 73.07, 73.16, 73.61, 73.82, 74.48, 75.01, 75.45, 76.17, 76.7, 77.89, 77.95, 78.82, 79.0, 79.09, 79.95, 80.58, 80.61, 81.24, 81.29, 82.18, 82.45, 82.97, 83.98, 84.83, 84.9, 85.42, 85.55, 85.89, 85.95, 86.34, 86.49, 86.67, 86.99, 88.27, 88.75, 89.87, 90.18, 90.41, 90.69, 92.23, 93.83, 93.95, 95.4, 96.07, 96.75, 97.04, 97.78, 98.54, 99.09, 99.22, 99.32, 99.76]
Fase 2...
Mezcla...
[0.81, 0.86, 1.01, 1.01, 1.04, 1.07, 1.21, 1.36, 1.65, 1.9, 2.32, 2.33, 2.41, 2.47, 2.53, 2.54, 2.67, 2.81, 2.89, 2.96, 2.98, 3.1, 3.3, 3.56, 3.58, 3.95, 3.97, 4.02, 4.14, 4.18, 4.39, 4.64, 4.82, 5.29, 5.38, 5.41, 5.99, 6.23, 6.29, 6.38, 6.57, 6.72, 6.76, 6.78, 6.9, 7.06, 7.12, 7.19, 7.49, 7.67, 7.7, 7.77, 7.8, 8.34, 8.63, 8.82, 9.34, 9.39, 9.43, 9.51, 9.72, 9.81, 10.26, 10.28, 10.29, 10.29, 10.38, 10.39, 10.43, 10.51, 10.54, 10.74, 10.86, 10.86, 10.97, 11.05, 11.1, 11.35, 11.89, 12.27, 12.34, 12.34, 12.38, 12.52, 12.59, 12.8, 13.08, 13.1, 13.32, 13.36, 13.4, 13.43, 13.71, 13.78, 13.79, 13.81, 13.95, 13.99, 14.02, 14.29, 14.35, 14.69, 14.7, 14.76, 15.02, 15.09, 15.59, 15.74, 15.99, 16.08, 16.17, 16.35, 16.39, 16.59, 16.6, 16.82, 16.87, 16.92, 16.99, 17.04, 17.08, 17.38, 17.46, 17.49, 17.6, 17.73, 17.91, 17.96, 18.0, 18.19, 18.38, 18.59, 18.8, 19.13, 19.18, 19.18, 19.24, 19.3, 19.39, 19.39, 19.46, 19.54, 19.56, 19.57, 19.6, 19.79, 19.79, 19.8, 20.01, 20.2, 20.32, 20.36, 20.71, 20.89, 20.89, 20.99, 21.1, 21.43, 21.46, 21.54, 21.57, 21.6, 21.67, 22.19, 22.3, 22.31, 22.39, 22.39, 22.47, 22.59, 22.62, 22.66, 22.72, 22.77, 22.95, 22.99, 23.05, 23.22, 23.25, 23.32, 23.32, 23.33, 23.43, 23.5, 23.58, 23.86, 23.96, 23.98, 24.06, 24.31, 24.39, 24.59, 24.88, 25.02, 25.43, 25.58, 25.71, 25.75, 25.84, 25.94, 25.96, 25.96, 26.03, 26.34, 26.41, 26.43, 26.47, 26.66, 26.67, 26.75, 26.8, 26.83, 26.89, 26.98, 27.24, 27.55, 27.61, 27.71, 27.78, 27.83, 27.84, 27.87, 27.88, 27.96, 28.03, 28.03, 28.21, 28.34, 28.39, 28.41, 28.43, 28.55, 28.66, 28.78, 28.91, 28.94, 28.97, 29.09, 29.15, 29.19, 29.22, 29.37, 29.38, 29.39, 29.5, 29.52, 29.63, 29.65, 29.71, 29.72, 30.21, 30.28, 30.33, 30.34, 30.7, 30.83, 30.83, 30.92, 31.12, 31.48, 31.69, 31.7, 31.9, 31.94, 32.12, 32.13, 32.63, 32.64, 32.7, 32.85, 33.13, 33.24, 33.25, 33.27, 33.41, 33.43, 33.81, 33.86, 33.87, 34.04, 34.69, 34.75, 35.08, 35.09, 35.16, 35.24, 35.24, 35.51, 35.56, 35.81, 36.04, 36.13, 36.16, 36.22, 36.43, 36.44, 36.58, 36.63, 36.7, 36.74, 36.9, 37.05, 37.16, 37.37, 37.58, 37.62, 37.98, 37.99, 38.01, 38.1, 38.36, 38.38, 38.45, 38.71, 38.74, 38.8, 38.85, 39.14, 39.24, 39.31, 39.48, 39.6, 39.63, 39.69, 39.72, 39.81, 39.89, 40.06, 40.08, 40.19, 40.2, 40.34, 40.37, 40.37, 40.39, 40.7, 40.72, 40.88, 41.0, 41.11, 41.68, 41.74, 41.86, 41.9, 41.96, 42.02, 42.12, 42.21, 42.21, 42.33, 42.37, 42.67, 42.74, 42.77, 43.27, 43.54, 43.58, 43.6, 43.92, 44.06, 44.12, 44.14, 44.36, 44.4, 44.4, 44.68, 44.84, 44.85, 44.99, 45.02, 45.2, 45.62, 45.66, 45.69, 45.7, 45.74, 45.78, 45.82, 45.84, 45.89, 46.0, 46.24, 46.62, 46.69, 46.77, 46.79, 46.8, 46.99, 47.23, 47.26, 47.32, 47.51, 47.62, 47.84, 47.91, 48.0, 48.02, 48.08, 48.56, 48.81, 48.87, 49.4, 49.52, 49.53, 49.76, 50.05, 50.3, 50.35, 50.43, 50.84, 51.18, 51.33, 51.34, 51.49, 51.7, 51.77, 52.01, 52.41, 52.43, 52.44, 52.54, 52.63, 52.82, 52.94, 53.05, 53.14, 53.26, 53.54, 53.55, 53.61, 53.97, 54.45, 54.71, 54.76, 55.46, 55.71, 55.8, 55.94, 55.96, 56.06, 56.09, 56.17, 56.31, 56.33, 56.38, 56.52, 56.62, 56.74, 56.75, 57.14, 57.21, 57.52, 57.58, 57.76, 57.92, 58.01, 58.26, 58.28, 58.38, 58.5, 58.52, 58.68, 58.76, 58.78, 58.84, 58.94, 59.08, 59.58, 59.77, 59.84, 59.86, 59.9, 59.94, 60.07, 60.11, 60.21, 60.97, 61.05, 61.05, 61.44, 61.46, 61.51, 61.61, 61.62, 61.67, 61.71, 61.86, 61.87, 62.06, 62.28, 62.29, 62.49, 62.71, 62.77, 62.82, 62.93, 63.1, 63.16, 63.22, 63.23, 63.25, 63.33, 63.36, 63.49, 63.5, 63.58, 63.65, 63.69, 63.72, 63.91, 63.94, 64.02, 64.09, 64.15, 64.18, 64.38, 64.62, 64.67, 64.8, 64.83, 64.85, 64.92, 65.06, 65.32, 65.39, 65.44, 65.49, 65.56, 65.72, 65.76, 65.96, 66.06, 66.21, 66.22, 66.35, 66.9, 66.97, 66.99, 67.16, 67.19, 67.2, 67.31, 67.35, 67.4, 67.56, 67.6, 67.74, 67.84, 67.94, 67.94, 68.39, 68.43, 68.48, 68.79, 69.0, 69.39, 69.42, 69.47, 69.65, 69.77, 69.78, 69.96, 70.0, 70.49, 70.93, 70.97, 71.0, 71.15, 71.27, 71.28, 71.6, 71.61, 71.62, 71.68, 71.93, 71.97, 72.23, 72.25, 72.3, 72.38, 72.38, 72.57, 72.58, 72.61, 72.69, 72.8, 72.99, 73.04, 73.14, 73.18, 73.24, 73.25, 73.34, 73.49, 73.71, 73.71, 73.8, 74.03, 74.06, 74.09, 74.19, 74.22, 74.39, 74.42, 74.76, 75.09, 75.18, 75.25, 75.44, 75.46, 75.79, 75.79, 75.83, 75.89, 75.89, 76.08, 76.14, 76.15, 76.4, 76.52, 76.57, 76.95, 77.01, 77.02, 77.05, 77.16, 77.17, 77.22, 77.27, 77.28, 77.34, 77.37, 77.49, 77.5, 77.73, 78.0, 78.09, 78.22, 78.57, 78.61, 78.73, 78.8, 78.86, 78.9, 78.95, 79.04, 79.07, 79.07, 79.16, 79.51, 79.53, 79.96, 79.96, 80.0, 80.09, 80.12, 80.17, 80.22, 80.54, 80.83, 81.1, 81.12, 81.18, 81.22, 81.35, 81.67, 81.73, 81.9, 81.97, 81.99, 82.03, 82.07, 82.11, 82.13, 82.17, 82.52, 82.63, 82.91, 82.99, 83.17, 83.19, 83.43, 83.46, 83.94, 84.02, 84.02, 84.36, 84.75, 85.11, 85.28, 85.29, 85.41, 85.74, 85.79, 85.9, 85.98, 86.04, 86.17, 86.63, 86.69, 87.29, 87.29, 87.42, 87.91, 87.95, 88.04, 88.06, 88.27, 88.54, 88.99, 89.04, 89.09, 89.37, 89.54, 89.7, 89.89, 90.49, 90.54, 90.57, 91.12, 91.19, 91.33, 91.37, 91.38, 91.48, 91.57, 91.71, 91.72, 91.91, 92.31, 92.41, 92.68, 92.88, 92.88, 92.89, 92.98, 93.05, 93.08, 93.27, 93.31, 93.51, 93.54, 93.66, 93.75, 93.77, 93.79, 93.98, 94.01, 94.01, 94.08, 94.16, 94.17, 94.67, 94.71, 94.94, 95.17, 95.27, 95.29, 95.46, 95.51, 95.56, 95.66, 95.68, 95.81, 95.88, 95.92, 95.97, 96.06, 96.18, 96.21, 96.52, 96.67, 96.79, 96.94, 97.08, 97.2, 97.21, 97.27, 97.31, 97.38, 97.47, 97.64, 97.67, 97.8, 97.83, 97.83, 98.11, 98.29, 98.41, 98.63, 98.68, 98.9, 98.92, 99.17, 99.18, 99.41, 99.45, 99.73, 99.85, 99.87]
[0.49, 0.56, 0.96, 1.44, 1.52, 2.34, 2.5, 2.87, 3.41, 3.5, 5.21, 5.23, 5.55, 5.72, 7.1, 7.47, 9.64, 10.45, 10.99, 11.28, 11.36, 12.91, 13.94, 14.33, 14.49, 14.89, 14.9, 15.27, 15.33, 15.82, 15.91, 16.32, 17.1, 17.19, 17.78, 18.08, 18.74, 18.79, 19.12, 19.73, 20.43, 21.48, 21.48, 21.78, 21.84, 21.98, 22.01, 23.88, 24.83, 25.02, 26.04, 26.51, 27.06, 27.58, 28.87, 29.08, 29.24, 29.5, 29.94, 30.22, 30.27, 30.94, 31.42, 32.14, 33.54, 35.1, 35.28, 36.26, 36.87, 37.19, 37.26, 37.4, 37.48, 37.51, 37.68, 38.04, 38.52, 39.8, 39.85, 41.11, 41.8, 41.95, 42.37, 42.69, 43.11, 43.2, 44.44, 44.79, 44.84, 45.29, 45.37, 45.41, 45.7, 45.81, 45.98, 46.72, 47.34, 47.36, 47.8, 48.41, 49.38, 49.64, 50.41, 50.59, 50.88, 51.14, 51.49, 52.15, 52.6, 53.31, 53.43, 53.81, 55.29, 59.15, 59.17, 59.4, 59.45, 59.84, 60.61, 60.74, 61.38, 61.38, 61.49, 62.18, 62.5, 63.43, 63.57, 63.58, 63.99, 64.0, 64.15, 64.26, 65.1, 65.78, 65.83, 66.45, 67.65, 68.93, 68.94, 69.03, 69.31, 69.32, 71.15, 71.15, 71.17, 71.47, 71.91, 72.09, 73.07, 73.16, 73.61, 73.82, 74.48, 75.01, 75.45, 76.17, 76.7, 77.89, 77.95, 78.82, 79.0, 79.09, 79.95, 80.58, 80.61, 81.24, 81.29, 82.18, 82.45, 82.97, 83.98, 84.83, 84.9, 85.42, 85.55, 85.89, 85.95, 86.34, 86.49, 86.67, 86.99, 88.27, 88.75, 89.87, 90.18, 90.41, 90.69, 92.23, 93.83, 93.95, 95.4, 96.07, 96.75, 97.04, 97.78, 98.54, 99.09, 99.22, 99.32, 99.76]
Fase 2...
Mezcla...
[0.49, 0.56, 0.81, 0.86, 0.96, 1.01, 1.01, 1.04, 1.07, 1.21, 1.36, 1.44, 1.52, 1.65, 1.9, 2.32, 2.33, 2.34, 2.41, 2.47, 2.5, 2.53, 2.54, 2.67, 2.81, 2.87, 2.89, 2.96, 2.98, 3.1, 3.3, 3.41, 3.5, 3.56, 3.58, 3.95, 3.97, 4.02, 4.14, 4.18, 4.39, 4.64, 4.82, 5.21, 5.23, 5.29, 5.38, 5.41, 5.55, 5.72, 5.99, 6.23, 6.29, 6.38, 6.57, 6.72, 6.76, 6.78, 6.9, 7.06, 7.1, 7.12, 7.19, 7.47, 7.49, 7.67, 7.7, 7.77, 7.8, 8.34, 8.63, 8.82, 9.34, 9.39, 9.43, 9.51, 9.64, 9.72, 9.81, 10.26, 10.28, 10.29, 10.29, 10.38, 10.39, 10.43, 10.45, 10.51, 10.54, 10.74, 10.86, 10.86, 10.97, 10.99, 11.05, 11.1, 11.28, 11.35, 11.36, 11.89, 12.27, 12.34, 12.34, 12.38, 12.52, 12.59, 12.8, 12.91, 13.08, 13.1, 13.32, 13.36, 13.4, 13.43, 13.71, 13.78, 13.79, 13.81, 13.94, 13.95, 13.99, 14.02, 14.29, 14.33, 14.35, 14.49, 14.69, 14.7, 14.76, 14.89, 14.9, 15.02, 15.09, 15.27, 15.33, 15.59, 15.74, 15.82, 15.91, 15.99, 16.08, 16.17, 16.32, 16.35, 16.39, 16.59, 16.6, 16.82, 16.87, 16.92, 16.99, 17.04, 17.08, 17.1, 17.19, 17.38, 17.46, 17.49, 17.6, 17.73, 17.78, 17.91, 17.96, 18.0, 18.08, 18.19, 18.38, 18.59, 18.74, 18.79, 18.8, 19.12, 19.13, 19.18, 19.18, 19.24, 19.3, 19.39, 19.39, 19.46, 19.54, 19.56, 19.57, 19.6, 19.73, 19.79, 19.79, 19.8, 20.01, 20.2, 20.32, 20.36, 20.43, 20.71, 20.89, 20.89, 20.99, 21.1, 21.43, 21.46, 21.48, 21.48, 21.54, 21.57, 21.6, 21.67, 21.78, 21.84, 21.98, 22.01, 22.19, 22.3, 22.31, 22.39, 22.39, 22.47, 22.59, 22.62, 22.66, 22.72, 22.77, 22.95, 22.99, 23.05, 23.22, 23.25, 23.32, 23.32, 23.33, 23.43, 23.5, 23.58, 23.86, 23.88, 23.96, 23.98, 24.06, 24.31, 24.39, 24.59, 24.83, 24.88, 25.02, 25.02, 25.43, 25.58, 25.71, 25.75, 25.84, 25.94, 25.96, 25.96, 26.03, 26.04, 26.34, 26.41, 26.43, 26.47, 26.51, 26.66, 26.67, 26.75, 26.8, 26.83, 26.89, 26.98, 27.06, 27.24, 27.55, 27.58, 27.61, 27.71, 27.78, 27.83, 27.84, 27.87, 27.88, 27.96, 28.03, 28.03, 28.21, 28.34, 28.39, 28.41, 28.43, 28.55, 28.66, 28.78, 28.87, 28.91, 28.94, 28.97, 29.08, 29.09, 29.15, 29.19, 29.22, 29.24, 29.37, 29.38, 29.39, 29.5, 29.5, 29.52, 29.63, 29.65, 29.71, 29.72, 29.94, 30.21, 30.22, 30.27, 30.28, 30.33, 30.34, 30.7, 30.83, 30.83, 30.92, 30.94, 31.12, 31.42, 31.48, 31.69, 31.7, 31.9, 31.94, 32.12, 32.13, 32.14, 32.63, 32.64, 32.7, 32.85, 33.13, 33.24, 33.25, 33.27, 33.41, 33.43, 33.54, 33.81, 33.86, 33.87, 34.04, 34.69, 34.75, 35.08, 35.09, 35.1, 35.16, 35.24, 35.24, 35.28, 35.51, 35.56, 35.81, 36.04, 36.13, 36.16, 36.22, 36.26, 36.43, 36.44, 36.58, 36.63, 36.7, 36.74, 36.87, 36.9, 37.05, 37.16, 37.19, 37.26, 37.37, 37.4, 37.48, 37.51, 37.58, 37.62, 37.68, 37.98, 37.99, 38.01, 38.04, 38.1, 38.36, 38.38, 38.45, 38.52, 38.71, 38.74, 38.8, 38.85, 39.14, 39.24, 39.31, 39.48, 39.6, 39.63, 39.69, 39.72, 39.8, 39.81, 39.85, 39.89, 40.06, 40.08, 40.19, 40.2, 40.34, 40.37, 40.37, 40.39, 40.7, 40.72, 40.88, 41.0, 41.11, 41.11, 41.68, 41.74, 41.8, 41.86, 41.9, 41.95, 41.96, 42.02, 42.12, 42.21, 42.21, 42.33, 42.37, 42.37, 42.67, 42.69, 42.74, 42.77, 43.11, 43.2, 43.27, 43.54, 43.58, 43.6, 43.92, 44.06, 44.12, 44.14, 44.36, 44.4, 44.4, 44.44, 44.68, 44.79, 44.84, 44.84, 44.85, 44.99, 45.02, 45.2, 45.29, 45.37, 45.41, 45.62, 45.66, 45.69, 45.7, 45.7, 45.74, 45.78, 45.81, 45.82, 45.84, 45.89, 45.98, 46.0, 46.24, 46.62, 46.69, 46.72, 46.77, 46.79, 46.8, 46.99, 47.23, 47.26, 47.32, 47.34, 47.36, 47.51, 47.62, 47.8, 47.84, 47.91, 48.0, 48.02, 48.08, 48.41, 48.56, 48.81, 48.87, 49.38, 49.4, 49.52, 49.53, 49.64, 49.76, 50.05, 50.3, 50.35, 50.41, 50.43, 50.59, 50.84, 50.88, 51.14, 51.18, 51.33, 51.34, 51.49, 51.49, 51.7, 51.77, 52.01, 52.15, 52.41, 52.43, 52.44, 52.54, 52.6, 52.63, 52.82, 52.94, 53.05, 53.14, 53.26, 53.31, 53.43, 53.54, 53.55, 53.61, 53.81, 53.97, 54.45, 54.71, 54.76, 55.29, 55.46, 55.71, 55.8, 55.94, 55.96, 56.06, 56.09, 56.17, 56.31, 56.33, 56.38, 56.52, 56.62, 56.74, 56.75, 57.14, 57.21, 57.52, 57.58, 57.76, 57.92, 58.01, 58.26, 58.28, 58.38, 58.5, 58.52, 58.68, 58.76, 58.78, 58.84, 58.94, 59.08, 59.15, 59.17, 59.4, 59.45, 59.58, 59.77, 59.84, 59.84, 59.86, 59.9, 59.94, 60.07, 60.11, 60.21, 60.61, 60.74, 60.97, 61.05, 61.05, 61.38, 61.38, 61.44, 61.46, 61.49, 61.51, 61.61, 61.62, 61.67, 61.71, 61.86, 61.87, 62.06, 62.18, 62.28, 62.29, 62.49, 62.5, 62.71, 62.77, 62.82, 62.93, 63.1, 63.16, 63.22, 63.23, 63.25, 63.33, 63.36, 63.43, 63.49, 63.5, 63.57, 63.58, 63.58, 63.65, 63.69, 63.72, 63.91, 63.94, 63.99, 64.0, 64.02, 64.09, 64.15, 64.15, 64.18, 64.26, 64.38, 64.62, 64.67, 64.8, 64.83, 64.85, 64.92, 65.06, 65.1, 65.32, 65.39, 65.44, 65.49, 65.56, 65.72, 65.76, 65.78, 65.83, 65.96, 66.06, 66.21, 66.22, 66.35, 66.45, 66.9, 66.97, 66.99, 67.16, 67.19, 67.2, 67.31, 67.35, 67.4, 67.56, 67.6, 67.65, 67.74, 67.84, 67.94, 67.94, 68.39, 68.43, 68.48, 68.79, 68.93, 68.94, 69.0, 69.03, 69.31, 69.32, 69.39, 69.42, 69.47, 69.65, 69.77, 69.78, 69.96, 70.0, 70.49, 70.93, 70.97, 71.0, 71.15, 71.15, 71.15, 71.17, 71.27, 71.28, 71.47, 71.6, 71.61, 71.62, 71.68, 71.91, 71.93, 71.97, 72.09, 72.23, 72.25, 72.3, 72.38, 72.38, 72.57, 72.58, 72.61, 72.69, 72.8, 72.99, 73.04, 73.07, 73.14, 73.16, 73.18, 73.24, 73.25, 73.34, 73.49, 73.61, 73.71, 73.71, 73.8, 73.82, 74.03, 74.06, 74.09, 74.19, 74.22, 74.39, 74.42, 74.48, 74.76, 75.01, 75.09, 75.18, 75.25, 75.44, 75.45, 75.46, 75.79, 75.79, 75.83, 75.89, 75.89, 76.08, 76.14, 76.15, 76.17, 76.4, 76.52, 76.57, 76.7, 76.95, 77.01, 77.02, 77.05, 77.16, 77.17, 77.22, 77.27, 77.28, 77.34, 77.37, 77.49, 77.5, 77.73, 77.89, 77.95, 78.0, 78.09, 78.22, 78.57, 78.61, 78.73, 78.8, 78.82, 78.86, 78.9, 78.95, 79.0, 79.04, 79.07, 79.07, 79.09, 79.16, 79.51, 79.53, 79.95, 79.96, 79.96, 80.0, 80.09, 80.12, 80.17, 80.22, 80.54, 80.58, 80.61, 80.83, 81.1, 81.12, 81.18, 81.22, 81.24, 81.29, 81.35, 81.67, 81.73, 81.9, 81.97, 81.99, 82.03, 82.07, 82.11, 82.13, 82.17, 82.18, 82.45, 82.52, 82.63, 82.91, 82.97, 82.99, 83.17, 83.19, 83.43, 83.46, 83.94, 83.98, 84.02, 84.02, 84.36, 84.75, 84.83, 84.9, 85.11, 85.28, 85.29, 85.41, 85.42, 85.55, 85.74, 85.79, 85.89, 85.9, 85.95, 85.98, 86.04, 86.17, 86.34, 86.49, 86.63, 86.67, 86.69, 86.99, 87.29, 87.29, 87.42, 87.91, 87.95, 88.04, 88.06, 88.27, 88.27, 88.54, 88.75, 88.99, 89.04, 89.09, 89.37, 89.54, 89.7, 89.87, 89.89, 90.18, 90.41, 90.49, 90.54, 90.57, 90.69, 91.12, 91.19, 91.33, 91.37, 91.38, 91.48, 91.57, 91.71, 91.72, 91.91, 92.23, 92.31, 92.41, 92.68, 92.88, 92.88, 92.89, 92.98, 93.05, 93.08, 93.27, 93.31, 93.51, 93.54, 93.66, 93.75, 93.77, 93.79, 93.83, 93.95, 93.98, 94.01, 94.01, 94.08, 94.16, 94.17, 94.67, 94.71, 94.94, 95.17, 95.27, 95.29, 95.4, 95.46, 95.51, 95.56, 95.66, 95.68, 95.81, 95.88, 95.92, 95.97, 96.06, 96.07, 96.18, 96.21, 96.52, 96.67, 96.75, 96.79, 96.94, 97.04, 97.08, 97.2, 97.21, 97.27, 97.31, 97.38, 97.47, 97.64, 97.67, 97.78, 97.8, 97.83, 97.83, 98.11, 98.29, 98.41, 98.54, 98.63, 98.68, 98.9, 98.92, 99.09, 99.17, 99.18, 99.22, 99.32, 99.41, 99.45, 99.73, 99.76, 99.85, 99.87]

Archivo ordenado
